1.110000000000000000e+02
1.110999999999999943e+02
1.111999999999999886e+02
1.112999999999999829e+02
1.113999999999999773e+02
1.114999999999999716e+02
1.115999999999999659e+02
1.116999999999999602e+02
1.117999999999999545e+02
1.118999999999999488e+02
1.119999999999999432e+02
1.120999999999999375e+02
1.121999999999999318e+02
1.122999999999999261e+02
1.123999999999999204e+02
1.124999999999999147e+02
1.125999999999999091e+02
1.126999999999999034e+02
1.127999999999998977e+02
1.128999999999998920e+02
1.129999999999998863e+02
1.130999999999998806e+02
1.131999999999998749e+02
1.132999999999998693e+02
1.133999999999998636e+02
1.134999999999998579e+02
1.135999999999998522e+02
1.136999999999998465e+02
1.137999999999998408e+02
1.138999999999998352e+02
1.139999999999998295e+02
1.140999999999998238e+02
1.141999999999998181e+02
1.142999999999998124e+02
1.143999999999998067e+02
1.144999999999998010e+02
1.145999999999997954e+02
1.146999999999997897e+02
1.147999999999997840e+02
1.148999999999997783e+02
1.149999999999997726e+02
1.150999999999997669e+02
1.151999999999997613e+02
1.152999999999997556e+02
1.153999999999997499e+02
1.154999999999997442e+02
1.155999999999997385e+02
1.156999999999997328e+02
1.157999999999997272e+02
1.158999999999997215e+02
1.159999999999997158e+02
1.160999999999997101e+02
1.161999999999997044e+02
1.162999999999996987e+02
1.163999999999996930e+02
1.164999999999996874e+02
1.165999999999996817e+02
1.166999999999996760e+02
1.167999999999996703e+02
1.168999999999996646e+02
1.169999999999996589e+02
1.170999999999996533e+02
1.171999999999996476e+02
1.172999999999996419e+02
1.173999999999996362e+02
1.174999999999996305e+02
1.175999999999996248e+02
1.176999999999996191e+02
1.177999999999996135e+02
1.178999999999996078e+02
1.179999999999996021e+02
1.180999999999995964e+02
1.181999999999995907e+02
1.182999999999995850e+02
1.183999999999995794e+02
1.184999999999995737e+02
1.185999999999995680e+02
1.186999999999995623e+02
1.187999999999995566e+02
1.188999999999995509e+02
1.189999999999995453e+02
1.190999999999995396e+02
1.191999999999995339e+02
1.192999999999995282e+02
1.193999999999995225e+02
1.194999999999995168e+02
1.195999999999995111e+02
1.196999999999995055e+02
1.197999999999994998e+02
1.198999999999994941e+02
1.199999999999994884e+02
1.200999999999994827e+02
1.201999999999994770e+02
1.202999999999994714e+02
1.203999999999994657e+02
1.204999999999994600e+02
1.205999999999994543e+02
1.206999999999994486e+02
1.207999999999994429e+02
1.208999999999994373e+02
1.209999999999994316e+02
1.210999999999994259e+02
1.211999999999994202e+02
1.212999999999994145e+02
1.213999999999994088e+02
1.214999999999994031e+02
1.215999999999993975e+02
1.216999999999993918e+02
1.217999999999993861e+02
1.218999999999993804e+02
1.219999999999993747e+02
1.220999999999993690e+02
1.221999999999993634e+02
1.222999999999993577e+02
1.223999999999993520e+02
1.224999999999993463e+02
1.225999999999993406e+02
1.226999999999993349e+02
1.227999999999993292e+02
1.228999999999993236e+02
1.229999999999993179e+02
1.230999999999993122e+02
1.231999999999993065e+02
1.232999999999993008e+02
1.233999999999992951e+02
1.234999999999992895e+02
1.235999999999992838e+02
1.236999999999992781e+02
1.237999999999992724e+02
1.238999999999992667e+02
1.239999999999992610e+02
1.240999999999992554e+02
1.241999999999992497e+02
1.242999999999992440e+02
1.243999999999992383e+02
1.244999999999992326e+02
1.245999999999992269e+02
1.246999999999992212e+02
1.247999999999992156e+02
1.248999999999992099e+02
1.249999999999992042e+02
1.250999999999991985e+02
1.251999999999991928e+02
1.252999999999991871e+02
1.253999999999991815e+02
1.254999999999991758e+02
1.255999999999991701e+02
1.256999999999991644e+02
1.257999999999991587e+02
1.258999999999991530e+02
1.259999999999991473e+02
1.260999999999991417e+02
1.261999999999991360e+02
1.262999999999991303e+02
1.263999999999991246e+02
1.264999999999991189e+02
1.265999999999991132e+02
1.266999999999991076e+02
1.267999999999991019e+02
1.268999999999990962e+02
1.269999999999990905e+02
1.270999999999990848e+02
1.271999999999990791e+02
1.272999999999990735e+02
1.273999999999990678e+02
1.274999999999990621e+02
1.275999999999990564e+02
1.276999999999990507e+02
1.277999999999990450e+02
1.278999999999990393e+02
1.279999999999990337e+02
1.280999999999990280e+02
1.281999999999990223e+02
1.282999999999990166e+02
1.283999999999990109e+02
1.284999999999990052e+02
1.285999999999989996e+02
1.286999999999989939e+02
1.287999999999989882e+02
1.288999999999989825e+02
1.289999999999989768e+02
1.290999999999989711e+02
1.291999999999989654e+02
1.292999999999989598e+02
1.293999999999989541e+02
1.294999999999989484e+02
1.295999999999989427e+02
1.296999999999989370e+02
1.297999999999989313e+02
1.298999999999989257e+02
1.299999999999989200e+02
1.300999999999989143e+02
1.301999999999989086e+02
1.302999999999989029e+02
1.303999999999988972e+02
1.304999999999988916e+02
1.305999999999988859e+02
1.306999999999988802e+02
1.307999999999988745e+02
1.308999999999988688e+02
1.309999999999988631e+02
1.310999999999988574e+02
1.311999999999988518e+02
1.312999999999988461e+02
1.313999999999988404e+02
1.314999999999988347e+02
1.315999999999988290e+02
1.316999999999988233e+02
1.317999999999988177e+02
1.318999999999988120e+02
1.319999999999988063e+02
1.320999999999988006e+02
1.321999999999987949e+02
1.322999999999987892e+02
1.323999999999987836e+02
1.324999999999987779e+02
1.325999999999987722e+02
1.326999999999987665e+02
1.327999999999987608e+02
1.328999999999987551e+02
1.329999999999987494e+02
1.330999999999987438e+02
1.331999999999987381e+02
1.332999999999987324e+02
1.333999999999987267e+02
1.334999999999987210e+02
1.335999999999987153e+02
1.336999999999987097e+02
1.337999999999987040e+02
1.338999999999986983e+02
1.339999999999986926e+02
1.340999999999986869e+02
1.341999999999986812e+02
1.342999999999986755e+02
1.343999999999986699e+02
1.344999999999986642e+02
1.345999999999986585e+02
1.346999999999986528e+02
1.347999999999986471e+02
1.348999999999986414e+02
1.349999999999986358e+02
1.350999999999986301e+02
1.351999999999986244e+02
1.352999999999986187e+02
1.353999999999986130e+02
1.354999999999986073e+02
1.355999999999986017e+02
1.356999999999985960e+02
1.357999999999985903e+02
1.358999999999985846e+02
1.359999999999985789e+02
1.360999999999985732e+02
1.361999999999985675e+02
1.362999999999985619e+02
1.363999999999985562e+02
1.364999999999985505e+02
1.365999999999985448e+02
1.366999999999985391e+02
1.367999999999985334e+02
1.368999999999985278e+02
1.369999999999985221e+02
1.370999999999985164e+02
1.371999999999985107e+02
1.372999999999985050e+02
1.373999999999984993e+02
1.374999999999984936e+02
1.375999999999984880e+02
1.376999999999984823e+02
1.377999999999984766e+02
1.378999999999984709e+02
1.379999999999984652e+02
1.380999999999984595e+02
1.381999999999984539e+02
1.382999999999984482e+02
1.383999999999984425e+02
1.384999999999984368e+02
1.385999999999984311e+02
1.386999999999984254e+02
1.387999999999984198e+02
1.388999999999984141e+02
1.389999999999984084e+02
1.390999999999984027e+02
1.391999999999983970e+02
1.392999999999983913e+02
1.393999999999983856e+02
1.394999999999983800e+02
1.395999999999983743e+02
1.396999999999983686e+02
1.397999999999983629e+02
1.398999999999983572e+02
1.399999999999983515e+02
1.400999999999983459e+02
1.401999999999983402e+02
1.402999999999983345e+02
1.403999999999983288e+02
1.404999999999983231e+02
1.405999999999983174e+02
1.406999999999983118e+02
1.407999999999983061e+02
1.408999999999983004e+02
1.409999999999982947e+02
1.410999999999982890e+02
1.411999999999982833e+02
1.412999999999982776e+02
1.413999999999982720e+02
1.414999999999982663e+02
1.415999999999982606e+02
1.416999999999982549e+02
1.417999999999982492e+02
1.418999999999982435e+02
1.419999999999982379e+02
1.420999999999982322e+02
1.421999999999982265e+02
1.422999999999982208e+02
1.423999999999982151e+02
1.424999999999982094e+02
1.425999999999982037e+02
1.426999999999981981e+02
1.427999999999981924e+02
1.428999999999981867e+02
1.429999999999981810e+02
1.430999999999981753e+02
1.431999999999981696e+02
1.432999999999981640e+02
1.433999999999981583e+02
1.434999999999981526e+02
1.435999999999981469e+02
1.436999999999981412e+02
1.437999999999981355e+02
1.438999999999981299e+02
1.439999999999981242e+02
1.440999999999981185e+02
1.441999999999981128e+02
1.442999999999981071e+02
1.443999999999981014e+02
1.444999999999980957e+02
1.445999999999980901e+02
1.446999999999980844e+02
1.447999999999980787e+02
1.448999999999980730e+02
1.449999999999980673e+02
1.450999999999980616e+02
1.451999999999980560e+02
1.452999999999980503e+02
1.453999999999980446e+02
1.454999999999980389e+02
1.455999999999980332e+02
1.456999999999980275e+02
1.457999999999980218e+02
1.458999999999980162e+02
1.459999999999980105e+02
1.460999999999980048e+02
1.461999999999979991e+02
1.462999999999979934e+02
1.463999999999979877e+02
1.464999999999979821e+02
1.465999999999979764e+02
1.466999999999979707e+02
1.467999999999979650e+02
1.468999999999979593e+02
1.469999999999979536e+02
1.470999999999979480e+02
1.471999999999979423e+02
1.472999999999979366e+02
1.473999999999979309e+02
1.474999999999979252e+02
1.475999999999979195e+02
1.476999999999979138e+02
1.477999999999979082e+02
1.478999999999979025e+02
1.479999999999978968e+02
1.480999999999978911e+02
1.481999999999978854e+02
1.482999999999978797e+02
1.483999999999978741e+02
1.484999999999978684e+02
1.485999999999978627e+02
1.486999999999978570e+02
1.487999999999978513e+02
1.488999999999978456e+02
1.489999999999978400e+02
1.490999999999978343e+02
1.491999999999978286e+02
1.492999999999978229e+02
1.493999999999978172e+02
1.494999999999978115e+02
1.495999999999978058e+02
1.496999999999978002e+02
1.497999999999977945e+02
1.498999999999977888e+02
